iteration = 0
0.000  0.000  0.000  0.000
0.000  0.000  0.000  0.000
0.000  0.000  0.000  0.000
0.000  0.000  0.000  0.000

iteration = 1
0.000  -1.000  -1.000  -1.000
-1.000  -1.000  -1.000  -1.000
-1.000  -1.000  -1.000  -1.000
-1.000  -1.000  -1.000  0.000

iteration = 2
0.000  -1.750  -2.000  -2.000
-1.750  -2.000  -2.000  -2.000
-2.000  -2.000  -2.000  -1.750
-2.000  -2.000  -1.750  0.000

iteration = 3
0.000  -2.438  -2.938  -3.000
-2.438  -2.875  -3.000  -2.938
-2.938  -3.000  -2.875  -2.438
-3.000  -2.938  -2.438  0.000

iteration = 10
0.000  -6.138  -8.352  -8.967
-6.138  -7.737  -8.428  -8.352
-8.352  -8.428  -7.737  -6.138
-8.967  -8.352  -6.138  0.000

iteration = ¡Û
0.0  -14.0  -20.0  -22.0
-14.0  -18.0  -20.0  -20.0
-20.0  -20.0  -18.0  -14.0
-22.0  -20.0  -14.0  0.0
